1 1
4 3 2 9 1 6 8 7 5 
6 9 1 7 5 8 3 2 4 
5 7 8 4 3 2 9 1 6 
9 0 7 0 0 3 5 8 1 
8 0 0 0 0 0 6 9 2 
1 2 5 6 8 9 7 4 3 
7 1 6 3 9 4 2 5 8 
2 8 4 0 0 7 1 3 9 
3 5 9 0 2 0 4 6 7 
4 3 2 9 1 6 8 7 5 
6 9 1 7 5 8 3 2 4 
5 7 8 4 3 2 9 1 6 
9 6 7 2 4 3 5 8 1 
8 4 3 1 7 5 6 9 2 
1 2 5 6 8 9 7 4 3 
7 1 6 3 9 4 2 5 8 
2 8 4 5 6 7 1 3 9 
3 5 9 8 2 1 4 6 7 
1 1 1 1 1 1 0 1 1 
1 1 0 0 1 0 0 1 0 
0 1 0 1 0 0 0 1 1 
1 0 1 0 0 1 1 1 0 
1 0 0 0 0 0 0 1 1 
0 1 1 1 1 0 1 0 0 
0 0 0 1 0 1 1 0 1 
0 1 0 0 0 1 1 0 1 
0 1 0 0 1 0 0 1 0 
0 0 0 0 0 0 0 0 0 
0 0 0 1 0 0 0 0 0 
0 0 0 0 0 0 0 0 0 
0 0 0 0 0 0 0 0 0 
0 0 0 0 0 0 0 0 0 
0 0 0 0 0 0 0 0 0 
0 0 0 0 0 0 0 0 0 
0 0 0 0 0 0 0 0 0 
0 0 0 0 0 0 0 0 0 
